FEAP * * PLANE strain problem                                                   
       231       200         1         2         2         4
 

COORdinates ALL
        1 0  0.000000E+00  0.000000E+00
        2 0  2.400000E+00  2.200000E+00
        3 0  4.800000E+00  4.400000E+00
        4 0  7.200000E+00  6.600000E+00
        5 0  9.600000E+00  8.800000E+00
        6 0  1.200000E+01  1.100000E+01
        7 0  1.440000E+01  1.320000E+01
        8 0  1.680000E+01  1.540000E+01
        9 0  1.920000E+01  1.760000E+01
       10 0  2.160000E+01  1.980000E+01
       11 0  2.400000E+01  2.200000E+01
       12 0  2.640000E+01  2.420000E+01
       13 0  2.880000E+01  2.640000E+01
       14 0  3.120000E+01  2.860000E+01
       15 0  3.360000E+01  3.080000E+01
       16 0  3.600000E+01  3.300000E+01
       17 0  3.840000E+01  3.520000E+01
       18 0  4.080000E+01  3.740000E+01
       19 0  4.320000E+01  3.960000E+01
       20 0  4.560000E+01  4.180000E+01
       21 0  4.800000E+01  4.400000E+01
       22 0  0.000000E+00  4.400000E+00
       23 0  2.400000E+00  6.460000E+00
       24 0  4.800000E+00  8.520000E+00
       25 0  7.200000E+00  1.058000E+01
       26 0  9.600000E+00  1.264000E+01
       27 0  1.200000E+01  1.470000E+01
       28 0  1.440000E+01  1.676000E+01
       29 0  1.680000E+01  1.882000E+01
       30 0  1.920000E+01  2.088000E+01
       31 0  2.160000E+01  2.294000E+01
       32 0  2.400000E+01  2.500000E+01
       33 0  2.640000E+01  2.706000E+01
       34 0  2.880000E+01  2.912000E+01
       35 0  3.120000E+01  3.118000E+01
       36 0  3.360000E+01  3.324000E+01
       37 0  3.600000E+01  3.530000E+01
       38 0  3.840000E+01  3.736000E+01
       39 0  4.080000E+01  3.942000E+01
       40 0  4.320000E+01  4.148000E+01
       41 0  4.560000E+01  4.354000E+01
       42 0  4.800000E+01  4.560000E+01
       43 0  0.000000E+00  8.800000E+00
       44 0  2.400000E+00  1.072000E+01
       45 0  4.800000E+00  1.264000E+01
       46 0  7.200000E+00  1.456000E+01
       47 0  9.600000E+00  1.648000E+01
       48 0  1.200000E+01  1.840000E+01
       49 0  1.440000E+01  2.032000E+01
       50 0  1.680000E+01  2.224000E+01
       51 0  1.920000E+01  2.416000E+01
       52 0  2.160000E+01  2.608000E+01
       53 0  2.400000E+01  2.800000E+01
       54 0  2.640000E+01  2.992000E+01
       55 0  2.880000E+01  3.184000E+01
       56 0  3.120000E+01  3.376000E+01
       57 0  3.360000E+01  3.568000E+01
       58 0  3.600000E+01  3.760000E+01
       59 0  3.840000E+01  3.952000E+01
       60 0  4.080000E+01  4.144000E+01
       61 0  4.320000E+01  4.336000E+01
       62 0  4.560000E+01  4.528000E+01
       63 0  4.800000E+01  4.720000E+01
       64 0  0.000000E+00  1.320000E+01
       65 0  2.400000E+00  1.498000E+01
       66 0  4.800000E+00  1.676000E+01
       67 0  7.200000E+00  1.854000E+01
       68 0  9.600000E+00  2.032000E+01
       69 0  1.200000E+01  2.210000E+01
       70 0  1.440000E+01  2.388000E+01
       71 0  1.680000E+01  2.566000E+01
       72 0  1.920000E+01  2.744000E+01
       73 0  2.160000E+01  2.922000E+01
       74 0  2.400000E+01  3.100000E+01
       75 0  2.640000E+01  3.278000E+01
       76 0  2.880000E+01  3.456000E+01
       77 0  3.120000E+01  3.634000E+01
       78 0  3.360000E+01  3.812000E+01
       79 0  3.600000E+01  3.990000E+01
       80 0  3.840000E+01  4.168000E+01
       81 0  4.080000E+01  4.346000E+01
       82 0  4.320000E+01  4.524000E+01
       83 0  4.560000E+01  4.702000E+01
       84 0  4.800000E+01  4.880000E+01
       85 0  0.000000E+00  1.760000E+01
       86 0  2.400000E+00  1.924000E+01
       87 0  4.800000E+00  2.088000E+01
       88 0  7.200000E+00  2.252000E+01
       89 0  9.600000E+00  2.416000E+01
       90 0  1.200000E+01  2.580000E+01
       91 0  1.440000E+01  2.744000E+01
       92 0  1.680000E+01  2.908000E+01
       93 0  1.920000E+01  3.072000E+01
       94 0  2.160000E+01  3.236000E+01
       95 0  2.400000E+01  3.400000E+01
       96 0  2.640000E+01  3.564000E+01
       97 0  2.880000E+01  3.728000E+01
       98 0  3.120000E+01  3.892000E+01
       99 0  3.360000E+01  4.056000E+01
      100 0  3.600000E+01  4.220000E+01
      101 0  3.840000E+01  4.384000E+01
      102 0  4.080000E+01  4.548000E+01
      103 0  4.320000E+01  4.712000E+01
      104 0  4.560000E+01  4.876000E+01
      105 0  4.800000E+01  5.040000E+01
      106 0  0.000000E+00  2.200000E+01
      107 0  2.400000E+00  2.350000E+01
      108 0  4.800000E+00  2.500000E+01
      109 0  7.200000E+00  2.650000E+01
      110 0  9.600000E+00  2.800000E+01
      111 0  1.200000E+01  2.950000E+01
      112 0  1.440000E+01  3.100000E+01
      113 0  1.680000E+01  3.250000E+01
      114 0  1.920000E+01  3.400000E+01
      115 0  2.160000E+01  3.550000E+01
      116 0  2.400000E+01  3.700000E+01
      117 0  2.640000E+01  3.850000E+01
      118 0  2.880000E+01  4.000000E+01
      119 0  3.120000E+01  4.150000E+01
      120 0  3.360000E+01  4.300000E+01
      121 0  3.600000E+01  4.450000E+01
      122 0  3.840000E+01  4.600000E+01
      123 0  4.080000E+01  4.750000E+01
      124 0  4.320000E+01  4.900000E+01
      125 0  4.560000E+01  5.050000E+01
      126 0  4.800000E+01  5.200000E+01
      127 0  0.000000E+00  2.640000E+01
      128 0  2.400000E+00  2.776000E+01
      129 0  4.800000E+00  2.912000E+01
      130 0  7.200000E+00  3.048000E+01
      131 0  9.600000E+00  3.184000E+01
      132 0  1.200000E+01  3.320000E+01
      133 0  1.440000E+01  3.456000E+01
      134 0  1.680000E+01  3.592000E+01
      135 0  1.920000E+01  3.728000E+01
      136 0  2.160000E+01  3.864000E+01
      137 0  2.400000E+01  4.000000E+01
      138 0  2.640000E+01  4.136000E+01
      139 0  2.880000E+01  4.272000E+01
      140 0  3.120000E+01  4.408000E+01
      141 0  3.360000E+01  4.544000E+01
      142 0  3.600000E+01  4.680000E+01
      143 0  3.840000E+01  4.816000E+01
      144 0  4.080000E+01  4.952000E+01
      145 0  4.320000E+01  5.088000E+01
      146 0  4.560000E+01  5.224000E+01
      147 0  4.800000E+01  5.360000E+01
      148 0  0.000000E+00  3.080000E+01
      149 0  2.400000E+00  3.202000E+01
      150 0  4.800000E+00  3.324000E+01
      151 0  7.200000E+00  3.446000E+01
      152 0  9.600000E+00  3.568000E+01
      153 0  1.200000E+01  3.690000E+01
      154 0  1.440000E+01  3.812000E+01
      155 0  1.680000E+01  3.934000E+01
      156 0  1.920000E+01  4.056000E+01
      157 0  2.160000E+01  4.178000E+01
      158 0  2.400000E+01  4.300000E+01
      159 0  2.640000E+01  4.422000E+01
      160 0  2.880000E+01  4.544000E+01
      161 0  3.120000E+01  4.666000E+01
      162 0  3.360000E+01  4.788000E+01
      163 0  3.600000E+01  4.910000E+01
      164 0  3.840000E+01  5.032000E+01
      165 0  4.080000E+01  5.154000E+01
      166 0  4.320000E+01  5.276000E+01
      167 0  4.560000E+01  5.398000E+01
      168 0  4.800000E+01  5.520000E+01
      169 0  0.000000E+00  3.520000E+01
      170 0  2.400000E+00  3.628000E+01
      171 0  4.800000E+00  3.736000E+01
      172 0  7.200000E+00  3.844000E+01
      173 0  9.600000E+00  3.952000E+01
      174 0  1.200000E+01  4.060000E+01
      175 0  1.440000E+01  4.168000E+01
      176 0  1.680000E+01  4.276000E+01
      177 0  1.920000E+01  4.384000E+01
      178 0  2.160000E+01  4.492000E+01
      179 0  2.400000E+01  4.600000E+01
      180 0  2.640000E+01  4.708000E+01
      181 0  2.880000E+01  4.816000E+01
      182 0  3.120000E+01  4.924000E+01
      183 0  3.360000E+01  5.032000E+01
      184 0  3.600000E+01  5.140000E+01
      185 0  3.840000E+01  5.248000E+01
      186 0  4.080000E+01  5.356000E+01
      187 0  4.320000E+01  5.464000E+01
      188 0  4.560000E+01  5.572000E+01
      189 0  4.800000E+01  5.680000E+01
      190 0  0.000000E+00  3.960000E+01
      191 0  2.400000E+00  4.054000E+01
      192 0  4.800000E+00  4.148000E+01
      193 0  7.200000E+00  4.242000E+01
      194 0  9.600000E+00  4.336000E+01
      195 0  1.200000E+01  4.430000E+01
      196 0  1.440000E+01  4.524000E+01
      197 0  1.680000E+01  4.618000E+01
      198 0  1.920000E+01  4.712000E+01
      199 0  2.160000E+01  4.806000E+01
      200 0  2.400000E+01  4.900000E+01
      201 0  2.640000E+01  4.994000E+01
      202 0  2.880000E+01  5.088000E+01
      203 0  3.120000E+01  5.182000E+01
      204 0  3.360000E+01  5.276000E+01
      205 0  3.600000E+01  5.370000E+01
      206 0  3.840000E+01  5.464000E+01
      207 0  4.080000E+01  5.558000E+01
      208 0  4.320000E+01  5.652000E+01
      209 0  4.560000E+01  5.746000E+01
      210 0  4.800000E+01  5.840000E+01
      211 0  0.000000E+00  4.400000E+01
      212 0  2.400000E+00  4.480000E+01
      213 0  4.800000E+00  4.560000E+01
      214 0  7.200000E+00  4.640000E+01
      215 0  9.600000E+00  4.720000E+01
      216 0  1.200000E+01  4.800000E+01
      217 0  1.440000E+01  4.880000E+01
      218 0  1.680000E+01  4.960000E+01
      219 0  1.920000E+01  5.040000E+01
      220 0  2.160000E+01  5.120000E+01
      221 0  2.400000E+01  5.200000E+01
      222 0  2.640000E+01  5.280000E+01
      223 0  2.880000E+01  5.360000E+01
      224 0  3.120000E+01  5.440000E+01
      225 0  3.360000E+01  5.520000E+01
      226 0  3.600000E+01  5.600000E+01
      227 0  3.840000E+01  5.680000E+01
      228 0  4.080000E+01  5.760000E+01
      229 0  4.320000E+01  5.840000E+01
      230 0  4.560000E+01  5.920000E+01
      231 0  4.800000E+01  6.000000E+01

ELEMents ALL
   1   0     1   1   2  23  22
   2   0     1   2   3  24  23
   3   0     1   3   4  25  24
   4   0     1   4   5  26  25
   5   0     1   5   6  27  26
   6   0     1   6   7  28  27
   7   0     1   7   8  29  28
   8   0     1   8   9  30  29
   9   0     1   9  10  31  30
  10   0     1  10  11  32  31
  11   0     1  11  12  33  32
  12   0     1  12  13  34  33
  13   0     1  13  14  35  34
  14   0     1  14  15  36  35
  15   0     1  15  16  37  36
  16   0     1  16  17  38  37
  17   0     1  17  18  39  38
  18   0     1  18  19  40  39
  19   0     1  19  20  41  40
  20   0     1  20  21  42  41
  21   0     1  22  23  44  43
  22   0     1  23  24  45  44
  23   0     1  24  25  46  45
  24   0     1  25  26  47  46
  25   0     1  26  27  48  47
  26   0     1  27  28  49  48
  27   0     1  28  29  50  49
  28   0     1  29  30  51  50
  29   0     1  30  31  52  51
  30   0     1  31  32  53  52
  31   0     1  32  33  54  53
  32   0     1  33  34  55  54
  33   0     1  34  35  56  55
  34   0     1  35  36  57  56
  35   0     1  36  37  58  57
  36   0     1  37  38  59  58
  37   0     1  38  39  60  59
  38   0     1  39  40  61  60
  39   0     1  40  41  62  61
  40   0     1  41  42  63  62
  41   0     1  43  44  65  64
  42   0     1  44  45  66  65
  43   0     1  45  46  67  66
  44   0     1  46  47  68  67
  45   0     1  47  48  69  68
  46   0     1  48  49  70  69
  47   0     1  49  50  71  70
  48   0     1  50  51  72  71
  49   0     1  51  52  73  72
  50   0     1  52  53  74  73
  51   0     1  53  54  75  74
  52   0     1  54  55  76  75
  53   0     1  55  56  77  76
  54   0     1  56  57  78  77
  55   0     1  57  58  79  78
  56   0     1  58  59  80  79
  57   0     1  59  60  81  80
  58   0     1  60  61  82  81
  59   0     1  61  62  83  82
  60   0     1  62  63  84  83
  61   0     1  64  65  86  85
  62   0     1  65  66  87  86
  63   0     1  66  67  88  87
  64   0     1  67  68  89  88
  65   0     1  68  69  90  89
  66   0     1  69  70  91  90
  67   0     1  70  71  92  91
  68   0     1  71  72  93  92
  69   0     1  72  73  94  93
  70   0     1  73  74  95  94
  71   0     1  74  75  96  95
  72   0     1  75  76  97  96
  73   0     1  76  77  98  97
  74   0     1  77  78  99  98
  75   0     1  78  79 100  99
  76   0     1  79  80 101 100
  77   0     1  80  81 102 101
  78   0     1  81  82 103 102
  79   0     1  82  83 104 103
  80   0     1  83  84 105 104
  81   0     1  85  86 107 106
  82   0     1  86  87 108 107
  83   0     1  87  88 109 108
  84   0     1  88  89 110 109
  85   0     1  89  90 111 110
  86   0     1  90  91 112 111
  87   0     1  91  92 113 112
  88   0     1  92  93 114 113
  89   0     1  93  94 115 114
  90   0     1  94  95 116 115
  91   0     1  95  96 117 116
  92   0     1  96  97 118 117
  93   0     1  97  98 119 118
  94   0     1  98  99 120 119
  95   0     1  99 100 121 120
  96   0     1 100 101 122 121
  97   0     1 101 102 123 122
  98   0     1 102 103 124 123
  99   0     1 103 104 125 124
 100   0     1 104 105 126 125
 101   0     1 106 107 128 127
 102   0     1 107 108 129 128
 103   0     1 108 109 130 129
 104   0     1 109 110 131 130
 105   0     1 110 111 132 131
 106   0     1 111 112 133 132
 107   0     1 112 113 134 133
 108   0     1 113 114 135 134
 109   0     1 114 115 136 135
 110   0     1 115 116 137 136
 111   0     1 116 117 138 137
 112   0     1 117 118 139 138
 113   0     1 118 119 140 139
 114   0     1 119 120 141 140
 115   0     1 120 121 142 141
 116   0     1 121 122 143 142
 117   0     1 122 123 144 143
 118   0     1 123 124 145 144
 119   0     1 124 125 146 145
 120   0     1 125 126 147 146
 121   0     1 127 128 149 148
 122   0     1 128 129 150 149
 123   0     1 129 130 151 150
 124   0     1 130 131 152 151
 125   0     1 131 132 153 152
 126   0     1 132 133 154 153
 127   0     1 133 134 155 154
 128   0     1 134 135 156 155
 129   0     1 135 136 157 156
 130   0     1 136 137 158 157
 131   0     1 137 138 159 158
 132   0     1 138 139 160 159
 133   0     1 139 140 161 160
 134   0     1 140 141 162 161
 135   0     1 141 142 163 162
 136   0     1 142 143 164 163
 137   0     1 143 144 165 164
 138   0     1 144 145 166 165
 139   0     1 145 146 167 166
 140   0     1 146 147 168 167
 141   0     1 148 149 170 169
 142   0     1 149 150 171 170
 143   0     1 150 151 172 171
 144   0     1 151 152 173 172
 145   0     1 152 153 174 173
 146   0     1 153 154 175 174
 147   0     1 154 155 176 175
 148   0     1 155 156 177 176
 149   0     1 156 157 178 177
 150   0     1 157 158 179 178
 151   0     1 158 159 180 179
 152   0     1 159 160 181 180
 153   0     1 160 161 182 181
 154   0     1 161 162 183 182
 155   0     1 162 163 184 183
 156   0     1 163 164 185 184
 157   0     1 164 165 186 185
 158   0     1 165 166 187 186
 159   0     1 166 167 188 187
 160   0     1 167 168 189 188
 161   0     1 169 170 191 190
 162   0     1 170 171 192 191
 163   0     1 171 172 193 192
 164   0     1 172 173 194 193
 165   0     1 173 174 195 194
 166   0     1 174 175 196 195
 167   0     1 175 176 197 196
 168   0     1 176 177 198 197
 169   0     1 177 178 199 198
 170   0     1 178 179 200 199
 171   0     1 179 180 201 200
 172   0     1 180 181 202 201
 173   0     1 181 182 203 202
 174   0     1 182 183 204 203
 175   0     1 183 184 205 204
 176   0     1 184 185 206 205
 177   0     1 185 186 207 206
 178   0     1 186 187 208 207
 179   0     1 187 188 209 208
 180   0     1 188 189 210 209
 181   0     1 190 191 212 211
 182   0     1 191 192 213 212
 183   0     1 192 193 214 213
 184   0     1 193 194 215 214
 185   0     1 194 195 216 215
 186   0     1 195 196 217 216
 187   0     1 196 197 218 217
 188   0     1 197 198 219 218
 189   0     1 198 199 220 219
 190   0     1 199 200 221 220
 191   0     1 200 201 222 221
 192   0     1 201 202 223 222
 193   0     1 202 203 224 223
 194   0     1 203 204 225 224
 195   0     1 204 205 226 225
 196   0     1 205 206 227 226
 197   0     1 206 207 228 227
 198   0     1 207 208 229 228
 199   0     1 208 209 230 229
 200   0     1 209 210 231 230

BOUNdary conditions
         1   0   1   1
        22   0   1   1
        43   0   1   1
        64   0   1   1
        85   0   1   1
       106   0   1   1
       127   0   1   1
       148   0   1   1
       169   0   1   1
       190   0   1   1
       211   0   1   1

FORCe conditions
       21 0  0.000000E+00  2.500000E-00
       42 0  0.000000E+00  5.000000E-00
       63 0 -1.110223E-15  5.000000E-00
       84 0  0.000000E+00  5.000000E-00
      105 0  1.110223E-15  5.000000E-00
      126 0  0.000000E+00  5.000000E-00
      147 0  0.000000E+00  5.000000E-00
      168 0  1.110223E-15  5.000000E-00
      189 0  0.000000E+00  5.000000E-00
      210 0 -1.110223E-15  5.000000E-00
      231 0  0.000000E+00  2.500000E-00
 
Parameters
L = 48
H1 = 44
H2 = 60
a = L/2
!b = H/2
MATErial       1
SOLID elmt     0   0   0
    PLANe STREss
    ELAStic ISOTropic 2000.0 0.4
 

END

INTEractive

STOP
